# Phonopy generated file for v_sim 3.6
    5.383167532    0.000734343    5.383371485
   -2.691188517   -2.690281344    5.363541077
    2.682809295    2.683156625    5.363394062 Cu
   -0.009041325    2.682428655    2.681579382 Cu
    4.126749730    1.284376294    1.394784566  S
    1.389220036    1.435645515    3.968573077  S
   -1.407051425   -1.453149659    3.968664901  S
    1.238505464    4.080258295    1.394781938  S
   -0.009025747   -0.008450010    5.363288829 Sn
    2.682258356   -0.009238873    2.681547898 Zn
#metaData: qpt=[0.000000;0.000000;0.000000;-0.057495 \
#; -0.026880; -0.039022; -0.005691; 0.000000; 0.000000; 0.000000 \
#; -0.026851; -0.038974; -0.005687; 0.000000; 0.000000; 0.000000 \
#; -0.026840; -0.039017; -0.005673; 0.000000; 0.000000; 0.000000 \
#; -0.026878; -0.039021; -0.005704; 0.000000; 0.000000; 0.000000 \
#; -0.026873; -0.039019; -0.005682; 0.000000; 0.000000; 0.000000 \
#; -0.026843; -0.039012; -0.005711; 0.000000; 0.000000; 0.000000 \
#; -0.026842; -0.039026; -0.005681; 0.000000; 0.000000; 0.000000 \
#; -0.026862; -0.039010; -0.005679; 0.000000; 0.000000; 0.000000 \
# ]
#metaData: qpt=[0.000000;0.000000;0.000000;-0.050280 \
#; -0.038872; 0.027379; -0.004117; 0.000000; 0.000000; 0.000000 \
#; -0.038827; 0.027347; -0.004120; 0.000000; 0.000000; 0.000000 \
#; -0.038868; 0.027369; -0.004109; 0.000000; 0.000000; 0.000000 \
#; -0.038860; 0.027337; -0.004097; 0.000000; 0.000000; 0.000000 \
#; -0.038861; 0.027334; -0.004138; 0.000000; 0.000000; 0.000000 \
#; -0.038866; 0.027370; -0.004126; 0.000000; 0.000000; 0.000000 \
#; -0.038880; 0.027342; -0.004119; 0.000000; 0.000000; 0.000000 \
#; -0.038862; 0.027363; -0.004116; 0.000000; 0.000000; 0.000000 \
# ]
#metaData: qpt=[0.000000;0.000000;0.000000;-0.031286 \
#; -0.006637; -0.002321; 0.047187; 0.000000; 0.000000; 0.000000 \
#; -0.006625; -0.002308; 0.047179; 0.000000; 0.000000; 0.000000 \
#; -0.006625; -0.002312; 0.047187; 0.000000; 0.000000; 0.000000 \
#; -0.006637; -0.002312; 0.047183; 0.000000; 0.000000; 0.000000 \
#; -0.006625; -0.002316; 0.047185; 0.000000; 0.000000; 0.000000 \
#; -0.006618; -0.002301; 0.047182; 0.000000; 0.000000; 0.000000 \
#; -0.006630; -0.002320; 0.047187; 0.000000; 0.000000; 0.000000 \
#; -0.006626; -0.002311; 0.047178; 0.000000; 0.000000; 0.000000 \
# ]
#metaData: qpt=[0.000000;0.000000;0.000000;76.120793 \
#; -0.067064; 0.002529; -0.000013; 0.000000; 0.000000; 0.000000 \
#; 0.064015; 0.034530; -0.000026; 0.000000; 0.000000; 0.000000 \
#; 0.010758; 0.034085; 0.017314; 0.000000; 0.000000; 0.000000 \
#; -0.003877; -0.032471; -0.004587; 0.000000; 0.000000; 0.000000 \
#; -0.003858; -0.032463; 0.004571; 0.000000; 0.000000; 0.000000 \
#; 0.010746; 0.034089; -0.017312; 0.000000; 0.000000; 0.000000 \
#; -0.023852; -0.016552; 0.000016; 0.000000; 0.000000; 0.000000 \
#; 0.039646; -0.007552; 0.000000; 0.000000; 0.000000; 0.000000 \
# ]
#metaData: qpt=[0.000000;0.000000;0.000000;76.131193 \
#; -0.002535; -0.067063; 0.000001; 0.000000; 0.000000; 0.000000 \
#; -0.034539; 0.064027; -0.000005; 0.000000; 0.000000; 0.000000 \
#; 0.032465; -0.003866; -0.004576; 0.000000; 0.000000; 0.000000 \
#; -0.034083; 0.010738; -0.017327; 0.000000; 0.000000; 0.000000 \
#; -0.034077; 0.010760; 0.017317; 0.000000; 0.000000; 0.000000 \
#; 0.032458; -0.003864; 0.004571; 0.000000; 0.000000; 0.000000 \
#; 0.016562; -0.023847; 0.000005; 0.000000; 0.000000; 0.000000 \
#; 0.007551; 0.039630; -0.000022; 0.000000; 0.000000; 0.000000 \
# ]
#metaData: qpt=[0.000000;0.000000;0.000000;88.634752 \
#; 0.000028; -0.000019; -0.049708; 0.000000; 0.000000; 0.000000 \
#; -0.000019; -0.000019; -0.072617; 0.000000; 0.000000; 0.000000 \
#; -0.003876; -0.030842; -0.003065; 0.000000; 0.000000; 0.000000 \
#; -0.030836; 0.003871; -0.003044; 0.000000; 0.000000; 0.000000 \
#; 0.030841; -0.003864; -0.003047; 0.000000; 0.000000; 0.000000 \
#; 0.003878; 0.030842; -0.003026; 0.000000; 0.000000; 0.000000 \
#; -0.000006; 0.000018; 0.036462; 0.000000; 0.000000; 0.000000 \
#; 0.000017; 0.000019; 0.058660; 0.000000; 0.000000; 0.000000 \
# ]
#metaData: qpt=[0.000000;0.000000;0.000000;97.495547 \
#; 0.019905; -0.048122; 0.000056; 0.000000; 0.000000; 0.000000 \
#; -0.009839; -0.035646; 0.000004; 0.000000; 0.000000; 0.000000 \
#; 0.002877; 0.014623; -0.044646; 0.000000; 0.000000; 0.000000 \
#; 0.003867; -0.012352; -0.002567; 0.000000; 0.000000; 0.000000 \
#; 0.003837; -0.012373; 0.002568; 0.000000; 0.000000; 0.000000 \
#; 0.002921; 0.014629; 0.044654; 0.000000; 0.000000; 0.000000 \
#; -0.041857; 0.030785; -0.000035; 0.000000; 0.000000; 0.000000 \
#; 0.059532; 0.023235; -0.000009; 0.000000; 0.000000; 0.000000 \
# ]
#metaData: qpt=[0.000000;0.000000;0.000000;97.501471 \
#; 0.048114; 0.019883; -0.000026; 0.000000; 0.000000; 0.000000 \
#; 0.035651; -0.009825; 0.000016; 0.000000; 0.000000; 0.000000 \
#; 0.012380; 0.003852; -0.002567; 0.000000; 0.000000; 0.000000 \
#; -0.014623; 0.002902; 0.044643; 0.000000; 0.000000; 0.000000 \
#; -0.014640; 0.002891; -0.044648; 0.000000; 0.000000; 0.000000 \
#; 0.012355; 0.003857; 0.002566; 0.000000; 0.000000; 0.000000 \
#; -0.030783; -0.041863; 0.000019; 0.000000; 0.000000; 0.000000 \
#; -0.023236; 0.059539; -0.000025; 0.000000; 0.000000; 0.000000 \
# ]
#metaData: qpt=[0.000000;0.000000;0.000000;100.243743 \
#; 0.000003; 0.000022; 0.073853; 0.000000; 0.000000; 0.000000 \
#; 0.000018; 0.000019; -0.052128; 0.000000; 0.000000; 0.000000 \
#; -0.030671; 0.004292; 0.004558; 0.000000; 0.000000; 0.000000 \
#; 0.004296; 0.030687; 0.004548; 0.000000; 0.000000; 0.000000 \
#; -0.004315; -0.030678; 0.004525; 0.000000; 0.000000; 0.000000 \
#; 0.030685; -0.004300; 0.004515; 0.000000; 0.000000; 0.000000 \
#; 0.000008; -0.000037; -0.042275; 0.000000; 0.000000; 0.000000 \
#; -0.000031; 0.000013; 0.046741; 0.000000; 0.000000; 0.000000 \
# ]
#metaData: qpt=[0.000000;0.000000;0.000000;158.305476 \
#; 0.041196; 0.054841; 0.000007; 0.000000; 0.000000; 0.000000 \
#; -0.054457; 0.045055; -0.000004; 0.000000; 0.000000; 0.000000 \
#; 0.003134; 0.000019; -0.002556; 0.000000; 0.000000; 0.000000 \
#; -0.000389; -0.021340; -0.000843; 0.000000; 0.000000; 0.000000 \
#; -0.000387; -0.021336; 0.000836; 0.000000; 0.000000; 0.000000 \
#; 0.003131; 0.000023; 0.002558; 0.000000; 0.000000; 0.000000 \
#; -0.021070; -0.020979; 0.000006; 0.000000; 0.000000; 0.000000 \
#; 0.048449; -0.038096; -0.000006; 0.000000; 0.000000; 0.000000 \
# ]
#metaData: qpt=[0.000000;0.000000;0.000000;158.307024 \
#; -0.054831; 0.041186; 0.000010; 0.000000; 0.000000; 0.000000 \
#; -0.045061; -0.054462; -0.000013; 0.000000; 0.000000; 0.000000 \
#; 0.021341; -0.000382; -0.000836; 0.000000; 0.000000; 0.000000 \
#; -0.000020; 0.003130; 0.002558; 0.000000; 0.000000; 0.000000 \
#; -0.000022; 0.003135; -0.002556; 0.000000; 0.000000; 0.000000 \
#; 0.021334; -0.000382; 0.000839; 0.000000; 0.000000; 0.000000 \
#; 0.020977; -0.021071; 0.000008; 0.000000; 0.000000; 0.000000 \
#; 0.038099; 0.048455; -0.000019; 0.000000; 0.000000; 0.000000 \
# ]
#metaData: qpt=[0.000000;0.000000;0.000000;171.169670 \
#; 0.000016; -0.000002; 0.056737; 0.000000; 0.000000; 0.000000 \
#; 0.000010; -0.000012; -0.062144; 0.000000; 0.000000; 0.000000 \
#; 0.014288; -0.002190; 0.003323; 0.000000; 0.000000; 0.000000 \
#; -0.002201; -0.014292; 0.003319; 0.000000; 0.000000; 0.000000 \
#; 0.002197; 0.014297; 0.003325; 0.000000; 0.000000; 0.000000 \
#; -0.014295; 0.002196; 0.003320; 0.000000; 0.000000; 0.000000 \
#; 0.000001; 0.000015; 0.039053; 0.000000; 0.000000; 0.000000 \
#; -0.000025; -0.000022; -0.072193; 0.000000; 0.000000; 0.000000 \
# ]
#metaData: qpt=[0.000000;0.000000;0.000000;252.216924 \
#; -0.000005; -0.000071; -0.047016; 0.000000; 0.000000; 0.000000 \
#; -0.000075; -0.000044; -0.031612; 0.000000; 0.000000; 0.000000 \
#; -0.015405; 0.024494; 0.068778; 0.000000; 0.000000; 0.000000 \
#; 0.024406; 0.015594; 0.068777; 0.000000; 0.000000; 0.000000 \
#; -0.024253; -0.015428; 0.068653; 0.000000; 0.000000; 0.000000 \
#; 0.015565; -0.024153; 0.068649; 0.000000; 0.000000; 0.000000 \
#; -0.000028; -0.000037; -0.017029; 0.000000; 0.000000; 0.000000 \
#; -0.000036; -0.000089; -0.027459; 0.000000; 0.000000; 0.000000 \
# ]
#metaData: qpt=[0.000000;0.000000;0.000000;263.185162 \
#; 0.000508; -0.029000; 0.000100; 0.000000; 0.000000; 0.000000 \
#; -0.032786; -0.020186; 0.000071; 0.000000; 0.000000; 0.000000 \
#; 0.036545; 0.078885; 0.034041; 0.000000; 0.000000; 0.000000 \
#; 0.032320; 0.027984; 0.027543; 0.000000; 0.000000; 0.000000 \
#; 0.032450; 0.027997; -0.027894; 0.000000; 0.000000; 0.000000 \
#; 0.036409; 0.078950; -0.034334; 0.000000; 0.000000; 0.000000 \
#; -0.009935; -0.013131; 0.000036; 0.000000; 0.000000; 0.000000 \
#; -0.018141; -0.033226; 0.000068; 0.000000; 0.000000; 0.000000 \
# ]
#metaData: qpt=[0.000000;0.000000;0.000000;263.204227 \
#; -0.029009; -0.000508; 0.000003; 0.000000; 0.000000; 0.000000 \
#; -0.020183; 0.032790; -0.000000; 0.000000; 0.000000; 0.000000 \
#; 0.027979; -0.032431; -0.027744; 0.000000; 0.000000; 0.000000 \
#; 0.078947; -0.036425; 0.034220; 0.000000; 0.000000; 0.000000 \
#; 0.078898; -0.036479; -0.034202; 0.000000; 0.000000; 0.000000 \
#; 0.027987; -0.032361; 0.027724; 0.000000; 0.000000; 0.000000 \
#; -0.013130; 0.009926; 0.000005; 0.000000; 0.000000; 0.000000 \
#; -0.033207; 0.018126; -0.000010; 0.000000; 0.000000; 0.000000 \
# ]
#metaData: qpt=[0.000000;0.000000;0.000000;290.870561 \
#; 0.000017; -0.000048; 0.000000; 0.000000; 0.000000; 0.000000 \
#; -0.000023; 0.000028; -0.000017; 0.000000; 0.000000; 0.000000 \
#; 0.073248; 0.049124; 0.000554; 0.000000; 0.000000; 0.000000 \
#; -0.049062; 0.073283; -0.000356; 0.000000; 0.000000; 0.000000 \
#; 0.049140; -0.073375; -0.000513; 0.000000; 0.000000; 0.000000 \
#; -0.073525; -0.049248; 0.000254; 0.000000; 0.000000; 0.000000 \
#; 0.000012; 0.000028; 0.000009; 0.000000; 0.000000; 0.000000 \
#; 0.000081; 0.000077; 0.000031; 0.000000; 0.000000; 0.000000 \
# ]
#metaData: qpt=[0.000000;0.000000;0.000000;295.372198 \
#; -0.000144; -0.000069; -0.000001; 0.000000; 0.000000; 0.000000 \
#; 0.000061; 0.000079; 0.000013; 0.000000; 0.000000; 0.000000 \
#; 0.047575; -0.071269; -0.021653; 0.000000; 0.000000; 0.000000 \
#; 0.071046; 0.048226; 0.021888; 0.000000; 0.000000; 0.000000 \
#; -0.071142; -0.047354; 0.021017; 0.000000; 0.000000; 0.000000 \
#; -0.047859; 0.070941; -0.021311; 0.000000; 0.000000; 0.000000 \
#; 0.000026; -0.000050; 0.000019; 0.000000; 0.000000; 0.000000 \
#; 0.000221; -0.000187; -0.000015; 0.000000; 0.000000; 0.000000 \
# ]
#metaData: qpt=[0.000000;0.000000;0.000000;299.064820 \
#; 0.013902; 0.022420; -0.000007; 0.000000; 0.000000; 0.000000 \
#; -0.000204; -0.016551; 0.000002; 0.000000; 0.000000; 0.000000 \
#; 0.058004; 0.026180; -0.016257; 0.000000; 0.000000; 0.000000 \
#; -0.015922; -0.048015; -0.074879; 0.000000; 0.000000; 0.000000 \
#; -0.016509; -0.048672; 0.074956; 0.000000; 0.000000; 0.000000 \
#; 0.057255; 0.026847; 0.016253; 0.000000; 0.000000; 0.000000 \
#; -0.005399; 0.006260; -0.000021; 0.000000; 0.000000; 0.000000 \
#; -0.044126; 0.004357; 0.000005; 0.000000; 0.000000; 0.000000 \
# ]
#metaData: qpt=[0.000000;0.000000;0.000000;299.074485 \
#; -0.022416; 0.013910; 0.000006; 0.000000; 0.000000; 0.000000 \
#; 0.016563; -0.000203; 0.000033; 0.000000; 0.000000; 0.000000 \
#; 0.048187; -0.015962; -0.074906; 0.000000; 0.000000; 0.000000 \
#; -0.026924; 0.057646; 0.016156; 0.000000; 0.000000; 0.000000 \
#; -0.026115; 0.057622; -0.016279; 0.000000; 0.000000; 0.000000 \
#; 0.048398; -0.016449; 0.075017; 0.000000; 0.000000; 0.000000 \
#; -0.006244; -0.005422; -0.000002; 0.000000; 0.000000; 0.000000 \
#; -0.004349; -0.044111; -0.000035; 0.000000; 0.000000; 0.000000 \
# ]
#metaData: qpt=[0.000000;0.000000;0.000000;316.703611 \
#; 0.000013; 0.000016; -0.000002; 0.000000; 0.000000; 0.000000 \
#; 0.000018; -0.000029; -0.000106; 0.000000; 0.000000; 0.000000 \
#; -0.011303; 0.018226; -0.085574; 0.000000; 0.000000; 0.000000 \
#; -0.017645; -0.011694; 0.085300; 0.000000; 0.000000; 0.000000 \
#; 0.017984; 0.012023; 0.085948; 0.000000; 0.000000; 0.000000 \
#; 0.011421; -0.018388; -0.085766; 0.000000; 0.000000; 0.000000 \
#; -0.000128; -0.000061; -0.000007; 0.000000; 0.000000; 0.000000 \
#; -0.000023; 0.000041; 0.000162; 0.000000; 0.000000; 0.000000 \
# ]
#metaData: qpt=[0.000000;0.000000;0.000000;317.196958 \
#; -0.000027; 0.000017; -0.000917; 0.000000; 0.000000; 0.000000 \
#; 0.000019; -0.000012; -0.024625; 0.000000; 0.000000; 0.000000 \
#; 0.056200; 0.059607; -0.006359; 0.000000; 0.000000; 0.000000 \
#; 0.060003; -0.055873; -0.007125; 0.000000; 0.000000; 0.000000 \
#; -0.060053; 0.056127; -0.007112; 0.000000; 0.000000; 0.000000 \
#; -0.055873; -0.059915; -0.006449; 0.000000; 0.000000; 0.000000 \
#; -0.000079; 0.000035; 0.000227; 0.000000; 0.000000; 0.000000 \
#; 0.000017; -0.000040; 0.037699; 0.000000; 0.000000; 0.000000 \
# ]
#metaData: qpt=[0.000000;0.000000;0.000000;325.331911 \
#; 0.001559; 0.000595; -0.000021; 0.000000; 0.000000; 0.000000 \
#; -0.007253; 0.000514; -0.000012; 0.000000; 0.000000; 0.000000 \
#; 0.016239; 0.020448; -0.006729; 0.000000; 0.000000; 0.000000 \
#; -0.057016; -0.059016; 0.073806; 0.000000; 0.000000; 0.000000 \
#; -0.057121; -0.059010; -0.073298; 0.000000; 0.000000; 0.000000 \
#; 0.016495; 0.020054; 0.006069; 0.000000; 0.000000; 0.000000 \
#; 0.026656; 0.025905; 0.000052; 0.000000; 0.000000; 0.000000 \
#; -0.002917; -0.010087; 0.000019; 0.000000; 0.000000; 0.000000 \
# ]
#metaData: qpt=[0.000000;0.000000;0.000000;325.355006 \
#; -0.000603; 0.001570; -0.000005; 0.000000; 0.000000; 0.000000 \
#; -0.000506; -0.007253; 0.000050; 0.000000; 0.000000; 0.000000 \
#; 0.058902; -0.057213; 0.073585; 0.000000; 0.000000; 0.000000 \
#; -0.020307; 0.016513; 0.006312; 0.000000; 0.000000; 0.000000 \
#; -0.020228; 0.016257; -0.006472; 0.000000; 0.000000; 0.000000 \
#; 0.059209; -0.056941; -0.073422; 0.000000; 0.000000; 0.000000 \
#; -0.025908; 0.026653; 0.000017; 0.000000; 0.000000; 0.000000 \
#; 0.010075; -0.002936; -0.000073; 0.000000; 0.000000; 0.000000 \
# ]
#metaData: qpt=[0.000000;0.000000;0.000000;340.058731 \
#; 0.000002; 0.000006; -0.010253; 0.000000; 0.000000; 0.000000 \
#; 0.000012; -0.000004; 0.001797; 0.000000; 0.000000; 0.000000 \
#; -0.057140; 0.051441; -0.026746; 0.000000; 0.000000; 0.000000 \
#; 0.051475; 0.057121; -0.026854; 0.000000; 0.000000; 0.000000 \
#; -0.051302; -0.056972; -0.026524; 0.000000; 0.000000; 0.000000 \
#; 0.057074; -0.051423; -0.026661; 0.000000; 0.000000; 0.000000 \
#; -0.000028; -0.000050; 0.034875; 0.000000; 0.000000; 0.000000 \
#; -0.000013; 0.000012; -0.002728; 0.000000; 0.000000; 0.000000 \
# ]
