2142
2150
2157
2184
2187
2197
2217
2249
2251
2261
2267
2272
2279
2285
2292
2304
2321
2341
2349
2371
2374
2392
2393
2396
2407
2416
2421
2425
2433
2458
2459
2462
2465
2466
2476
2480
2489
2491
2494
2855
3059
3064
3069
3137
3750
4122
4129
4202
4209
4249
4256
4280
4282
4286
4289
4290
4301
4303
4319
4344
4345
4370
4379
5317
5321
76
145
172
174
200
202
228
230
252
531
565
967
1001
1016
1080
1088
1305
1318
1400
1412
1471
1521
1607
1652
1674
1685
1719
1803
1812
1859
1880
1998
5618
6816
6827
6851
7506
7508
7816
7844
7933
7968
11185
11303
11324
11371
11380
11464
11498
11509
11531
11576
11662
11712
11771
11783
11865
11878
12095
12103
12167
12182
12868
12890
12892
12918
12920
12946
12948
12975
13044
5331
5336
5345
5358
5362
5363
5366
5371
5376
5380
5391
5406
5411
5419
5425
5431
5434
5445
5493
5523
5531
5570
5577
5579
5908
6491
6501
6505
6514
6531
6543
7277
8158
8162
8166
8168
8169
8172
8174
8175
8176
8179
8181
8189
8193
8207
8208
8209
8210
8214
8216
8222
8224
8241
8253
8267
8328
8330
8337
8376
8384
8414
8462
8473
8476
8482
8488
8496
8501
8516
8527
8531
8536
8541
8544
8545
8549
8562
8571
8576
8586
8590
8620
8629
8654
8655
8680
8696
8698
8708
8710
8731
8763
8789
8858
8859
8903
8906
8908
8917
8921
8926
8927
8932
8955
8970
8976
8986
8988
9030
9057
9064
9072
10032
10611
10674
10819
12512
12521
12525
12533
12547
12548
12551
12560
12575
12582
12608
12609
12614
12638
12642
12647
12656
12662
12682
12695
12707
12709
12716
12721
12729
12736
12739
14530
14542
14566
14578
14596
14599
14600
14618
14621
382
408
428
452
8049
8052
8083
8084
8089
8099
8102
8107
8116
8132
8145

