2142
2150
2157
2177
2184
2255
2261
2263
2268
2288
2315
2317
2333
2345
2393
2397
2431
2432
2466
2470
2481
2482
2483
2493
2519
2521
2525
2538
2558
2600
2604
2619
2635
2754
2758
2765
2778
2856
2868
2910
2911
2918
2941
2954
2960
2971
2978
2986
3009
3026
3031
3040
3053
3058
3072
3143
3162
3209
3224
3239
3240
3254
3264
3271
3280
3293
3303
3328
3346
3394
3400
3425
3432
3435
3453
3467
3473
3487
3556
3600
3626
3629
3632
3696
3703
3708
3718
3724
3782
3807
3833
3837
3855
3865
3873
3886
3914
3922
3953
3954
3961
3977
3981
3986
3992
4000
4003
4010
4017
4038
4050
4080
4081
4087
4129
4141
4149
4199
4235
4243
4280
4301
4312
4314
4335
4339
4342
4352
4370
4387
4390
4396
4461
4471
4489
4496
4502
4505
4512
4514
4516
4523
4556
4558
4561
4569
4572
4582
4584
4587
4599
4601
4605
4614
4620
4629
4631
4651
4653
4656
4664
4673
4796
4979
5001
5005
5097
5336
5360
5366
5426
5431
5440
5459
5709
5712
5717
5720
5725
5736
5751
5755
5762
5770
5785
5788
5791
5796
5799
5812
5829
5831
5857
5860
5867
5870
5932
5937
5941
5942
5944
5959
5969
5973
5976
5979
5981
5995
6018
6021
6027
6029
6128
6131
6135
6137
6140
6142
6155
6172
6183
6195
6300
6307
6309
6316
6320
6382
6426
6432
6454
6468
6470
6473
6475
6479
6482
6485
6557
6561
6698
6707
6713
6730
6751
6755
6770
6773
6858
6860
6863
6869
6876
6894
6904
6907
6908
6910
6915
6919
6979
6991
7012
7019
7023
7028
7032
7048
7055
7056
7087
7095
7123
7136
7144
7154
7172
7176
7186
7204
7229
7270
7282
7286
7291
7292
7293
7297
7311
7312
7344
7360
7415
7442
7447
7458
7460
7472
7490
8148
8155
8158
8162
8169
8172
8177
8179
8181
8184
8186
8193
8195
8201
8202
8207
8211
8215
8217
8222
8224
8226
8448
8467
8476
8481
8541
8547
8571
8603
8609
8612
8629
8647
8657
8660
8664
8685
8687
8698
8710
8735
8740
8793
8838
8845
8874
8904
8914
8915
8916
8933
8934
8959
8967
8976
8982
9030
9037
9057
9064
9072
9083
9086
9089
9093
9095
9098
9100
9114
9136
9142
9186
9248
9252
9259
9261
9268
9373
9385
9396
9413
9426
9428
9431
9433
9437
9440
9539
9541
9547
9550
9573
9587
9589
9592
9595
9599
9609
9624
9626
9627
9631
9636
9671
9674
9681
9684
9710
9712
9729
9742
9745
9750
9753
9756
9771
9779
9786
9800
9809
9817
9820
9822
9842
9844
9853
9859
9868
9872
9874
9886
9889
9891
9901
9904
9912
9915
9917
9950
9957
9959
9961
10076
10084
10109
10115
10124
10129
10160
10163
10166
10192
10236
10296
10302
10315
10333
10336
10343
10361
10423
10448
10458
10471
10480
10487
10497
10511
10512
10525
10540
10586
10605
10668
10675
10678
10695
10700
10717
10740
10748
10755
10765
10783
10790
10791
10806
10818
10832
10845
10852
10856
10975
10991
11006
11010
11050
12296
12366
12575
12589
12593
12595
12604
12608
12670
12686
12688
12720
12725
13150
13220
13311
13326
13337
13339
13342
13562
13654
13658
13680
13863
13977
13983
13984
14000
14003
14011
14497
14503
14512
14532
14551
14576
14595
14599
15098
15102
15295
15299
